303
300
295
291
290
290
293
297
301
304
305
305
307
309
311
312
311
310
310
310
308
308
310
314
316
320
324
327
330
332
334
343
356
7
11
8
352
350
350
353
359
2
10
14
17
19
21
23
29
35
45
54
52
52
21
30
48
65
79
93
332
328
330
331
333
335
338
336
336
337
340
345
345
347
349
350
350
351
351
358
8
19
26
30
14
13
10
7
3
357
349
351
353
354
353
353
351
351
351
352
351
350
352
5
16
23
28
32
39
42
43
44
43
42
30
27
23
21
21
21
26
22
16
11
7
5
10
23
40
49
54
54
55
53
49
45
40
34
16
17
16
18
20
26
38
44
48
51
51
49
52
57
72
86
101
121
135
143
148
151
152
150
139
141
142
140
134
125
115
100
83
72
70
75
87
103
122
137
147
155
164
164
162
161
163
171
176
184
189
182
153
135
128
112
88
70
68
74
73
82
96
107
114
120
125
125
123
122
120
117
106
96
95
96
105
111
110
102
92
83
76
73
72
77
83
87
88
93
90
87
84
79
71
51
33
14
8
10
19
28
38
38
34
31
31
32
38
37
34
21
348
318
312
317
322
327
334
343
354
358
0
1
3
3
350
350
354
357
357
354
334
320
264
247
255
262
279
283
288
293
297
303
310
312
321
325
324
319
321
320
318
317
315
313
303
279
256
247
247
250
255
265
276
284
288
290
285
289
294
297
299
303
306
306
303
297
288
270
260
252
247
244
242
242
239
244
250
255
257
258
256
277
295
305
311
312