5.11    303
5.01    300
4.84    295
4.69    291
4.48    290
4.26    290
3.99    293
4.3     297
4.94    301
5.52    304
5.83    305
6.04    305
6.44    307
6.98    309
7.53    311
7.61    312
6.8     311
5.64    310
4.76    310
4.23    310
3.92    308
3.6     308
3.21    310
2.9     314
2.75    316
2.59    320
2.53    324
2.48    327
2.42    330
2.35    332
2.31    334
1.89    343
1.57    356
1.37    7
1.18    11
0.98    8
1.41    352
1.63    350
1.94    350
2.2     353
2.37    359
2.33    2
2.33    10
2.42    14
2.54    17
2.56    19
2.4     21
2.08    23
1.97    29
1.62    35
1.29    45
1.04    54
0.87    52
0.87    52
0.67    21
0.56    30
0.48    48
0.44    65
0.38    79
0.3     93
0.27    332
0.58    328
0.97    330
1.31    331
1.48    333
1.57    335
1.14    338
1.48    336
1.87    336
2.13    337
2.12    340
1.99    345
2.03    345
2.13    347
2.19    349
2.24    350
2.25    350
2.22    351
2.22    351
1.97    358
1.7     8
1.58    19
1.6     26
1.69    30
1.93    14
2.18    13
2.48    10
2.67    7
2.67    3
2.59    357
2.88    349
2.94    351
3.1     353
3.13    354
2.9     353
2.66    353
2.61    351
2.55    351
2.56    351
2.59    352
2.64    351
2.71    350
2.88    352
3.03    5
3.5     16
3.99    23
4.33    28
4.59    32
4.8     39
5.11    42
5.38    43
5.36    44
4.85    43
4.06    42
3.1     30
3.19    27
3.21    23
3.18    21
2.98    21
2.74    21
2.47    26
2.37    22
2.38    16
2.42    11
2.47    7
2.53    5
2.5     10
2.53    23
2.87    40
3.23    49
3.31    54
3.08    54
3.06    55
3.12    53
3.18    49
3.11    45
2.79    40
2.36    34
1.83    16
2.23    17
2.54    16
2.7     18
2.5     20
2.28    26
2.24    38
2.25    44
2.27    48
2.29    51
2.36    51
2.43    49
2.49    52
2.21    57
2.15    72
2.13    86
2.01    101
1.81    121
1.81    135
1.77    143
1.68    148
1.53    151
1.27    152
0.97    150
0.73    139
0.88    141
1.05    142
1.22    140
1.45    134
1.6     125
1.81    115
1.77    100
1.69    83
1.67    72
1.59    70
1.42    75
1.32    87
1.29    103
1.36    122
1.5     137
1.58    147
1.61    155
1.53    164
1.59    164
1.64    162
1.59    161
1.39    163
1.29    171
1.14    176
0.9     184
0.72    189
0.64    182
0.96    153
1.45    135
2.05    128
1.93    112
1.71    88
1.74    70
1.77    68
1.74    74
1.97    73
1.94    82
1.91    96
2.05    107
2.22    114
2.41    120
2.24    125
2.4     125
2.55    123
2.52    122
2.16    120
1.65    117
1.24    106
1.22    96
1.36    95
1.47    96
1.64    105
1.8     111
1.78    110
1.64    102
1.45    92
1.32    83
1.21    76
1.1     73
1.02    72
0.92    77
0.95    83
1.09    87
1.46    88
1.59    93
1.86    90
1.96    87
1.94    84
1.77    79
1.33    71
0.81    51
0.88    33
1.06    14
1.38    8
1.65    10
1.96    19
2.19    28
2.91    38
3.09    38
3.01    34
2.81    31
2.47    31
2.02    32
1.19    38
0.88    37
0.64    34
0.45    21
0.38    348
0.51    318
1.18    312
1.69    317
2.28    322
2.65    327
2.62    334
2.42    343
2.4     354
2.44    358
2.62    0
2.61    1
2.45    3
2.14    3
1.39    350
1.18    350
1.07    354
0.98    357
0.89    357
0.8     354
0.63    334
0.38    320
0.36    264
0.66    247
1.16    255
1.76    262
2.8     279
3.05    283
3.15    288
3.11    293
2.82    297
2.39    303
2.13    310
2.25    312
2.6     321
2.83    325
2.71    324
2.35    319
2.53    321
2.3     320
1.99    318
1.66    317
1.29    315
1.27    313
0.99    303
0.85    279
1.04    256
1.4     247
2.03    247
2.76    250
3.76    255
4.06    265
4.26    276
4.31    284
3.94    288
3.28    290
2.67    285
2.6     289
2.53    294
2.36    297
1.94    299
2.07    303
1.72    306
1.35    306
0.97    303
0.69    297
0.54    288
0.73    270
0.85    260
0.98    252
1.22    247
1.54    244
1.98    242
2.48    242
3.15    239
3.37    244
3.46    250
3.4     255
3.07    257
2.56    258
2.34    256
2.38    277
2.74    295
3.04    305
2.92    311
2.93    312